0	12
00-1F-64-E1-E6-9A:CMCC	2
00-FD-07-A2-EC-BA:CMCC	2
00-FD-07-A4-72-B8:CMCC	6
00-FD-07-A4-7B-08:CMCC	2
10000	2
102	2
110349	2
11058	2
1116	4
12	8
120	4
120.196.100.55	2
120.196.100.82	12
120.196.100.99	16
120.197.40.4	16
122.72.52.12	2
132	2
13480253104	2
13502468823	2
13560436666	2
13560439658	4
13602846565	2
1363154400022	1
1363157973098	1
1363157982040	1
1363157983019	1
1363157984040	1
1363157984041	1
1363157985066	3
1363157986029	1
1363157986041	1
1363157986072	1
1363157988072	1
1363157990043	1
1363157991076	1
1363157992093	1
1363157993044	1
1363157993055	2
1363157995033	1
1363157995052	1
1363157995074	1
1363157995093	1
13660577991	2
13719199419	2
13726230503	2
13726238888	4
13760778710	2
13826544101	2
13922314466	2
13925057413	2
13926251106	2
13926435656	2
1432	2
15	10
15013685858	2
1512	2
1527	2
1563154400022	1
1563157973098	1
1563157982040	1
1563157983019	1
1563157984040	1
1563157984041	1
1563157985066	3
1563157986029	1
1563157986041	1
1563157986072	1
1563157988072	1
1563157990043	1
1563157991076	1
1563157992093	1
1563157993044	1
1563157993055	2
1563157995033	1
1563157995052	1
1563157995074	1
1563157995093	1
15920133257	2
15989002119	2
16	2
18	6
180	6
18211575961	2
18320173382	2
1938	4
2	6
20	6
20-10-7A-28-CC-0A:CMCC	2
200	46
20000	2
2052.flash2-http.qq.com	2
21	2
2106	2
24	8
240	4
2412	2
24681	4
2481	4
264	2
27	8
28	2
2910	2
2936	2
3	8
3008	2
3156	2
3538	2
3659	2
3720	2
4	8
4116	2
48243	2
4938	2
57	2
5C-0A-5B-6A-0B-D4:CMCC-EASY	2
5C-0E-8B-8B-B1-50:CMCC	2
5C-0E-8B-8B-B6-00:CMCC	2
5C-0E-8B-8C-E8-20:7DaysInn	2
5C-0E-8B-92-5C-20:CMCC-EASY	2
5C-0E-8B-C7-BA-20:CMCC	2
5C-0E-8B-C7-F1-E0:CMCC	2
5C-0E-8B-C7-F7-90:CMCC	2
5C-0E-8B-C7-FC-80:CMCC-EASY	2
63	2
68-A1-B7-03-07-B1:CMCC-EASY	2
69	2
690	2
6960	2
7335	2
84-25-DB-4F-10-1A:CMCC-EASY	2
84138413	2
9	4
918	2
94-71-AC-CD-E6-18:CMCC-EASY	2
9531	2
954	4
C4-17-FE-BA-DE-D9:CMCC	6
E8-99-C4-4E-93-E0:CMCC-EASY	2
i02.c.aliimg.com	6
iface.qiyi.com	2
img.qfc.cn	2
input.shouji.sogou.com	2
rank.ie.sogou.com	2
s19.cnzz.com	2
sug.so.360.cn	2
t3.baidu.com	2
www.umeng.com	2
y0.ifengimg.com	2
信息安全	2
搜索引擎	6
站点统计	4
综合门户	4
视频网站	2
